Current averages in milliAmps (25 replicates)

Baseline
43.2131
42.8098
43.3098
42.8393
43.2459
42.8344
43.118
42.8098
42.7639
43.1574
42.641
43.3639
42.6557
42.7377
42.6869
42.6016
43.418
42.6689
43.4295
42.7852
42.6902
42.8033
43.3623
42.9852
42.8377

All tests, main cycle
42.6262
43.0295
42.5311
42.5361
42.218
42.7557
42.2803
42.6393
42.6836
42.4344
42.4344
42.5705
42.5689
43.0016
42.418
42.3934
43.2098
42.6016
42.8721
42.4246
42.6803
42.5361
42.6459
42.5623
42.4918

All tests, downtime
42.5197
43.0
42.3361
42.5164
42.4934
42.7295
42.5361
42.3361
42.5016
42.5082
42.4656
42.541
42.7311
42.4197
42.3131
42.4328
42.4098
42.9344
42.3279
42.3803
42.518
42.8525
42.8344
42.4984
42.5311

All tests, main cycle & downtime
42.3705
42.2574
42.3164
42.2738
42.0557
42.4918
42.0885
42.1279
42.2623
42.4279
42.4213
42.5443
42.3689
42.2557
42.1557
42.3918
42.1508
42.3098
42.3066
42.2098
42.2607
42.2361
42.3984
42.1705
42.3787