Power averages in watts (25 replicates)

Baseline
0.3953
0.3908
0.3955
0.3911
0.3966
0.3906
0.3953
0.3909
0.3901
0.3945
0.3909
0.3969
0.3914
0.3903
0.3908
0.3904
0.397
0.3911
0.3969
0.3906
0.3914
0.3904
0.3968
0.3946
0.391

All tests, main cycle
0.3903
0.3961
0.3898
0.3899
0.3873
0.3937
0.3877
0.3909
0.3921
0.391
0.3907
0.3899
0.3901
0.3941
0.3894
0.3904
0.3964
0.3903
0.3936
0.3905
0.3907
0.39
0.3909
0.3902
0.3921

All tests, downtime
0.3885
0.3931
0.3889
0.3886
0.3888
0.3908
0.3887
0.3891
0.3882
0.3885
0.3882
0.3892
0.3923
0.388
0.3886
0.3879
0.3883
0.3925
0.3883
0.3893
0.3886
0.3933
0.3914
0.3885
0.3883

All tests, main cycle & downtime
0.3872
0.3879
0.3883
0.388
0.3864
0.3893
0.3867
0.388
0.3875
0.3885
0.3873
0.3887
0.3867
0.3867
0.3867
0.3871
0.387
0.3883
0.3897
0.3876
0.3868
0.3875
0.3869
0.3881
0.3871